start=6237.439542
pause=yes
volume=70.000000
sub-pos=97
sub-scale=0.700000
