start=23.133333
volume=60.000000
