start=0.816667
volume=80.000000
