start=16.983333
volume=105.000000
