start=36.983333
pause=yes
volume=80.000000
