start=104.833000
volume=52.000000
