start=131.600000
volume=105.000000
