start=11.242667
pause=yes
volume=10.000000
