start=17.233333
volume=130.000000
