start=9.767000
volume=80.000000
