start=608.033000
pause=yes
volume=88.000000
