start=66.000000
volume=130.000000
