start=1464.625000
pause=yes
volume=100.000000
sub-delay=1.500000
sub-pos=97
sub-scale=0.700000
