start=11.483333
pause=yes
volume=130.000000
