start=5519.597000
pause=yes
volume=91.000000
sid=3
sub-delay=4.899997
sub-pos=96
sub-scale=0.800000
