start=6512.339000
volume=95.000000
aid=1
sid=1
sub-pos=98
sub-scale=0.700000
sub-ass-vsfilter-aspect-compat=no
