start=7.697544
volume=95.000000
fullscreen=yes
