start=6443.813000
volume=130.000000
sid=1
sub-delay=0.000000
sub-pos=96
sub-scale=0.900000
