start=53.568435
pause=yes
volume=110.000000
