start=96.666667
pause=yes
volume=110.000000
