start=113.016667
pause=yes
volume=95.000000
